g =

   0.731059   0.907824   0.709057
   0.731059   0.922136   0.334899
   0.731059   0.594742   0.163526
   0.731059   0.113327   0.253946
   0.731059   0.068713   0.614834
   0.731059   0.318748   0.829636
   0.731059   0.856421   0.776081
   0.731059   0.936396   0.440314
   0.731059   0.754036   0.182098
   0.731059   0.185608   0.200464
   0.731059   0.061905   0.501824
   0.731059   0.188688   0.800797
   0.731059   0.758071   0.816996
   0.731059   0.936597   0.556123
   0.731059   0.854167   0.222265
   0.731059   0.313759   0.170949
   0.731059   0.068284   0.388489
   0.731059   0.114925   0.748133
   0.731059   0.600466   0.836183
   0.731059   0.922845   0.662133

hx =

   0.948274
   1.828918
   1.257913
  -0.239763
  -1.287153
  -0.921292
   0.521450
   1.714622
   1.561227
   0.202296
  -1.112776
  -1.174918
   0.073003
   1.483654
   1.760090
   0.648156
  -0.829841
  -1.315037
  -0.361345
   1.154414

test =

 Columns 1 through 11:

   0.94827   1.82892   0.25791  -0.23976  -1.28715  -1.92129  -0.47855   1.71462   0.56123   0.20230  -1.11278

 Columns 12 through 20:

  -1.17492  -0.92700   1.48365   0.76009  -0.35184  -0.82984  -1.31504  -1.36134   1.15441

test2 =

   2.96179 - 0.00000i
   0.18763 - 3.14159i
  -0.22945 - 0.00000i
  -0.21492 - 0.00000i
  -0.82731 - 0.00000i
   0.08198 - 3.14159i
   0.65114 - 0.00000i
   0.33600 - 3.14159i
  -0.44547 - 0.00000i
   0.22602 - 0.00000i
  -0.74800 - 0.00000i
  -0.77699 - 0.00000i
   2.61726 - 0.00000i
   0.72639 - 3.14159i
  -0.56536 - 0.00000i
   0.43362 - 0.00000i
  -0.60423 - 0.00000i
  -0.83943 - 0.00000i
   1.01792 - 3.14159i
   1.86812 - 3.14159i

y =

  0
  0
  1
  0
  0
  1
  1
  0
  1
  0
  0
  0
  1
  0
  1
  1
  0
  0
  1
  0


!! Submission failed: Invalid call to dot.  Correct usage is:

 -- dot (X, Y, DIM)


Function: print_usage
FileName: C:\Octave\OCTAVE~1.1\share\octave\4.2.1\m\help\print_usage.m
LineNumber: 91

Please correct your code and resubmit.
