g =

   0.731059   0.907824   0.709057
   0.731059   0.922136   0.334899
   0.731059   0.594742   0.163526
   0.731059   0.113327   0.253946
   0.731059   0.068713   0.614834
   0.731059   0.318748   0.829636
   0.731059   0.856421   0.776081
   0.731059   0.936396   0.440314
   0.731059   0.754036   0.182098
   0.731059   0.185608   0.200464
   0.731059   0.061905   0.501824
   0.731059   0.188688   0.800797
   0.731059   0.758071   0.816996
   0.731059   0.936597   0.556123
   0.731059   0.854167   0.222265
   0.731059   0.313759   0.170949
   0.731059   0.068284   0.388489
   0.731059   0.114925   0.748133
   0.731059   0.600466   0.836183
   0.731059   0.922845   0.662133

hx =

   0.948274
   1.828918
   1.257913
  -0.239763
  -1.287153
  -0.921292
   0.521450
   1.714622
   1.561227
   0.202296
  -1.112776
  -1.174918
   0.073003
   1.483654
   1.760090
   0.648156
  -0.829841
  -1.315037
  -0.361345
   1.154414

mhx =

   0.051726
  -0.828918
  -0.257913
   1.239763
   2.287153
   1.921292
   0.478550
  -0.714622
  -0.561227
   0.797704
   2.112776
   2.174918
   0.926997
  -0.483654
  -0.760090
   0.351844
   1.829841
   2.315037
   1.361345
  -0.154414


!! Submission failed: operator *: nonconformant arguments (op1 is 20x1, op2 is 20x1)


Function: costFunction
FileName: D:\Downloads\machine-learning-ex2\machine-learning-ex2\ex2\costFunction.m
LineNumber: 26

Please correct your code and resubmit.
