J =  148.14
theta =

   0.65995
   1.44514

J =  12.493
theta =

   0.61452
   0.88536

J =  1.2598
theta =

   0.62818
   1.04639

J =  0.32964
theta =

   0.62484
   1.00001

J =  0.25260
theta =

   0.62639
   1.01331

J =  0.24620
theta =

   0.62654
   1.00943

J =  0.24565
theta =

   0.62709
   1.01050

J =  0.24559
theta =

   0.62752
   1.01014

J =  0.24556
theta =

   0.62798
   1.01020

J =  0.24554
theta =

   0.62843
   1.01013

J =  0.24552
X =

    3.4572    1.8594    1.3636
    4.1961    2.0484    1.4312
    4.9350    2.2215    1.4905
    5.6739    2.3820    1.5434
    6.4128    2.5324    1.5913
    7.1517    2.6743    1.6353
    7.8906    2.8090    1.6760
    8.6295    2.9376    1.7139
    9.3684    3.0608    1.7495
   10.1073    3.1792    1.7830
   10.8462    3.2934    1.8148
   11.5851    3.4037    1.8449
   12.3241    3.5106    1.8736
   13.0630    3.6143    1.9011
   13.8019    3.7151    1.9275
   14.5408    3.8132    1.9528
   15.2797    3.9089    1.9771
   16.0186    4.0023    2.0006
   16.7575    4.0936    2.0233
   17.4964    4.1829    2.0452

m =  20
X =

    1.0000    3.4572    1.8594    1.3636
    1.0000    4.1961    2.0484    1.4312
    1.0000    4.9350    2.2215    1.4905
    1.0000    5.6739    2.3820    1.5434
    1.0000    6.4128    2.5324    1.5913
    1.0000    7.1517    2.6743    1.6353
    1.0000    7.8906    2.8090    1.6760
    1.0000    8.6295    2.9376    1.7139
    1.0000    9.3684    3.0608    1.7495
    1.0000   10.1073    3.1792    1.7830
    1.0000   10.8462    3.2934    1.8148
    1.0000   11.5851    3.4037    1.8449
    1.0000   12.3241    3.5106    1.8736
    1.0000   13.0630    3.6143    1.9011
    1.0000   13.8019    3.7151    1.9275
    1.0000   14.5408    3.8132    1.9528
    1.0000   15.2797    3.9089    1.9771
    1.0000   16.0186    4.0023    2.0006
    1.0000   16.7575    4.0936    2.0233
    1.0000   17.4964    4.1829    2.0452

sum =

    20.000   209.536    63.242    35.339

mu =

    1.0000   10.4768    3.1621    1.7669

sigma =

   0.00000   4.37142   0.00000

X =

   1.000000  -1.605793   1.859351   1.363580
   1.000000  -1.436762   2.048437   1.431236
   1.000000  -1.267731   2.221486   1.490465
   1.000000  -1.098701   2.381996   1.543372
   1.000000  -0.929670   2.532353   1.591337
   1.000000  -0.760639   2.674269   1.635319
   1.000000  -0.591608   2.809025   1.676015
   1.000000  -0.422577   2.937606   1.713944
   1.000000  -0.253546   3.060789   1.749511
   1.000000  -0.084515   3.179204   1.783032
   1.000000   0.084515   3.293364   1.814763
   1.000000   0.253546   3.403696   1.844911
   1.000000   0.422577   3.510563   1.873650
   1.000000   0.591608   3.614272   1.901124
   1.000000   0.760639   3.715086   1.927456
   1.000000   0.929670   3.813236   1.952751
   1.000000   1.098701   3.908923   1.977100
   1.000000   1.267731   4.002322   2.000580
   1.000000   1.436762   4.093591   2.023262
   1.000000   1.605793   4.182869   2.045206

sigma =

   0.00000   4.37142   0.70917

X =

   1.000000  -1.605793  -1.837036   1.363580
   1.000000  -1.436762  -1.570407   1.431236
   1.000000  -1.267731  -1.326391   1.490465
   1.000000  -1.098701  -1.100055   1.543372
   1.000000  -0.929670  -0.888037   1.591337
   1.000000  -0.760639  -0.687921   1.635319
   1.000000  -0.591608  -0.497902   1.676015
   1.000000  -0.422577  -0.316590   1.713944
   1.000000  -0.253546  -0.142889   1.749511
   1.000000  -0.084515   0.024087   1.783032
   1.000000   0.084515   0.185064   1.814763
   1.000000   0.253546   0.340644   1.844911
   1.000000   0.422577   0.491337   1.873650
   1.000000   0.591608   0.637576   1.901124
   1.000000   0.760639   0.779735   1.927456
   1.000000   0.929670   0.918136   1.952751
   1.000000   1.098701   1.053064   1.977100
   1.000000   1.267731   1.184766   2.000580
   1.000000   1.436762   1.313464   2.023262
   1.000000   1.605793   1.439355   2.045206

sigma =

   0.00000   4.37142   0.70917   0.20539

X =

   1.000000  -1.605793  -1.837036  -1.963779
   1.000000  -1.436762  -1.570407  -1.634386
   1.000000  -1.267731  -1.326391  -1.346020
   1.000000  -1.098701  -1.100055  -1.088435
   1.000000  -0.929670  -0.888037  -0.854909
   1.000000  -0.760639  -0.687921  -0.640772
   1.000000  -0.591608  -0.497902  -0.442640
   1.000000  -0.422577  -0.316590  -0.257973
   1.000000  -0.253546  -0.142889  -0.084810
   1.000000  -0.084515   0.024087   0.078393
   1.000000   0.084515   0.185064   0.232878
   1.000000   0.253546   0.340644   0.379660
   1.000000   0.422577   0.491337   0.519579
   1.000000   0.591608   0.637576   0.653342
   1.000000   0.760639   0.779735   0.781544
   1.000000   0.929670   0.918136   0.904697
   1.000000   1.098701   1.053064   1.023243
   1.000000   1.267731   1.184766   1.137563
   1.000000   1.436762   1.313464   1.247994
   1.000000   1.605793   1.439355   1.354832


!! Submission failed: X(_,5): but X has size 20x4


Function: featureNormalize
FileName: D:\Downloads\machine-learning-ex1\ex1\featureNormalize.m
LineNumber: 36

Please correct your code and resubmit.
