J =  148.14
theta =

   0.65995
   1.44514

J =  12.493
theta =

   0.61452
   0.88536

J =  1.2598
theta =

   0.62818
   1.04639

J =  0.32964
theta =

   0.62484
   1.00001

J =  0.25260
theta =

   0.62639
   1.01331

J =  0.24620
theta =

   0.62654
   1.00943

J =  0.24565
theta =

   0.62709
   1.01050

J =  0.24559
theta =

   0.62752
   1.01014

J =  0.24556
theta =

   0.62798
   1.01020

J =  0.24554
theta =

   0.62843
   1.01013

J =  0.24552
X =

    1.0000    3.4572    1.8594    1.3636
    1.0000    4.1961    2.0484    1.4312
    1.0000    4.9350    2.2215    1.4905
    1.0000    5.6739    2.3820    1.5434
    1.0000    6.4128    2.5324    1.5913
    1.0000    7.1517    2.6743    1.6353
    1.0000    7.8906    2.8090    1.6760
    1.0000    8.6295    2.9376    1.7139
    1.0000    9.3684    3.0608    1.7495
    1.0000   10.1073    3.1792    1.7830
    1.0000   10.8462    3.2934    1.8148
    1.0000   11.5851    3.4037    1.8449
    1.0000   12.3241    3.5106    1.8736
    1.0000   13.0630    3.6143    1.9011
    1.0000   13.8019    3.7151    1.9275
    1.0000   14.5408    3.8132    1.9528
    1.0000   15.2797    3.9089    1.9771
    1.0000   16.0186    4.0023    2.0006
    1.0000   16.7575    4.0936    2.0233
    1.0000   17.4964    4.1829    2.0452

sum =

    20.000   209.536    63.242    35.339

mu =

    1.0000   10.4768    3.1621    1.7669

sigma =

   0   0   0


!! Submission failed: X(_,3.45719): subscripts must be either integers 1 to (2^31)-1 or logicals


Function: featureNormalize
FileName: D:\Downloads\machine-learning-ex1\ex1\featureNormalize.m
LineNumber: 34

Please correct your code and resubmit.
