a2 =

   0.74945   0.48601   0.25940   0.71690
   0.74285   0.48419   0.26734   0.71143
   0.69515   0.52931   0.28455   0.65700
   0.64647   0.57929   0.29530   0.59966
   0.64601   0.58855   0.28915   0.59644
   0.69427   0.54903   0.27212   0.65071
   0.74237   0.49609   0.26013   0.70799
   0.74972   0.47904   0.26360   0.71888
   0.71113   0.51368   0.27960   0.67546
   0.65701   0.56778   0.29379   0.61234
   0.63995   0.59141   0.29257   0.59027
   0.67812   0.56379   0.27714   0.63213
   0.73179   0.50930   0.26218   0.69507
   0.75271   0.47836   0.26096   0.72173
   0.72567   0.49974   0.27450   0.69210
   0.67078   0.55360   0.29094   0.62860

Theta1 =

   0.84147   0.41212  -0.96140
   0.14112  -0.99999   0.14988
  -0.95892   0.42017   0.83666
   0.65699   0.65029  -0.84622

ans =

   0.14112  -0.95892   0.65699   0.41212  -0.99999   0.42017   0.65029  -0.96140   0.14988   0.83666  -0.84622

ans =

   0.708073   0.169842   0.924285
   0.019915   0.999980   0.022463
   0.919536   0.176540   0.699993
   0.431631   0.422874   0.716089

ans =

  2.9193e-001  8.3016e-001  7.5715e-002  9.8248e-001  1.7627e-004
  9.8009e-001  1.9587e-005  9.7754e-001  8.5345e-002  8.1666e-001
  8.0464e-002  8.2346e-001  3.0001e-001  5.5959e-001  5.8586e-001
  5.6837e-001  5.7713e-001  2.8391e-001  8.3675e-001  7.1098e-002

dt =

   0   0   0
   0   0   0
   0   0   0
   0   0   0

Theta2 =

   0.5403023  -0.9111303  -0.2751633   0.9912028  -0.0132767
  -0.9899925   0.0044257   0.9887046  -0.2921388  -0.9036922
   0.2836622   0.9074468  -0.5477293  -0.7480575   0.7654141
   0.7539023  -0.7596879  -0.5328330   0.9147424   0.2666429

delta3 =

   0.49283
  -0.77378
   0.74120
   0.58760

gz =

   0.74945   0.48601   0.25940   0.71690

g =

   0.18777   0.24980   0.19211   0.20295

ans =

   0.18777   0.24980   0.19211   0.20295

gz =

   0.74945   0.48601   0.25940   0.71690

g =

   0.18777   0.24980   0.19211   0.20295

delta2 =

   0.316505   0.421060   0.323816   0.342091
  -0.042483  -0.056517  -0.043465  -0.045918
  -0.304142  -0.404613  -0.311168  -0.328729
   0.130989   0.174260   0.134014   0.141578
   0.266024   0.353903   0.272170   0.287530

delta2 =

   0.421060   0.323816   0.342091
  -0.056517  -0.043465  -0.045918
  -0.404613  -0.311168  -0.328729
   0.174260   0.134014   0.141578
   0.353903   0.272170   0.287530

delta2 =

   0.421060   0.323816   0.342091
  -0.056517  -0.043465  -0.045918
  -0.404613  -0.311168  -0.328729
   0.174260   0.134014   0.141578
   0.353903   0.272170   0.287530

a1temp =

   0.22622   0.74120   0.58760

a1temp =

   0.22622
   0.74120
   0.58760

test =

   0.536276
  -0.071982
  -0.515329
   0.221943
   0.450743

ans =

   5   1


!! Submission failed: +=: nonconformant arguments (op1 is 4x3, op2 is 5x1)


Function: nnCostFunction
FileName: D:\Downloads\machine-learning-ex4\ex4\nnCostFunction.m
LineNumber: 93

Please correct your code and resubmit.
