Theta1 =

   0.84147   0.41212  -0.96140
   0.14112  -0.99999   0.14988
  -0.95892   0.42017   0.83666
   0.65699   0.65029  -0.84622

ans =

   0.14112  -0.95892   0.65699   0.41212  -0.99999   0.42017   0.65029  -0.96140   0.14988   0.83666  -0.84622

ans =

   0.708073   0.169842   0.924285
   0.019915   0.999980   0.022463
   0.919536   0.176540   0.699993
   0.431631   0.422874   0.716089

ans =

  2.9193e-001  8.3016e-001  7.5715e-002  9.8248e-001  1.7627e-004
  9.8009e-001  1.9587e-005  9.7754e-001  8.5345e-002  8.1666e-001
  8.0464e-002  8.2346e-001  3.0001e-001  5.5959e-001  5.8586e-001
  5.6837e-001  5.7713e-001  2.8391e-001  8.3675e-001  7.1098e-002

dt =

   0   0   0
   0   0   0
   0   0   0
   0   0   0
   0   0   0
   0   0   0
   0   0   0
   0   0   0
   0   0   0
   0   0   0
   0   0   0
   0   0   0
   0   0   0
   0   0   0
   0   0   0
   0   0   0

delta3 =

   0.49283
  -0.77378
   0.74120
   0.58760

gz =

   0.74945   0.48601   0.25940   0.71690

g =

   0.18777   0.24980   0.19211   0.20295

delta2 =

   0.316505   0.421060   0.323816   0.342091
  -0.042483  -0.056517  -0.043465  -0.045918
  -0.304142  -0.404613  -0.311168  -0.328729
   0.130989   0.174260   0.134014   0.141578
   0.266024   0.353903   0.272170   0.287530

delta2 =

   0.421060   0.323816   0.342091
  -0.056517  -0.043465  -0.045918
  -0.404613  -0.311168  -0.328729
   0.174260   0.134014   0.141578
   0.353903   0.272170   0.287530

test =

   0.48097
   0.36989
   0.39077

ans =

   3   1

delta3 =

   0.49644
   0.22636
  -0.26171
   0.59045

gz =

   0.74285   0.48419   0.26734   0.71143

g =

   0.19103   0.24975   0.19587   0.20530

delta2 =

   0.079284   0.103657   0.081293   0.085207
  -0.217266  -0.284058  -0.222774  -0.233498
  -0.016059  -0.020996  -0.016466  -0.017259
   0.221939   0.290168   0.227565   0.238520
  -0.048525  -0.063443  -0.049755  -0.052151

delta2 =

   0.103657   0.081293   0.085207
  -0.284058  -0.222774  -0.233498
  -0.020996  -0.016466  -0.017259
   0.290168   0.227565   0.238520
  -0.063443  -0.049755  -0.052151

test =

  -0.085083
  -0.066727
  -0.069939

ans =

   3   1

delta3 =

   0.50865
   0.24224
   0.71393
  -0.40631

gz =

   0.69515   0.52931   0.28455   0.65700

g =

   0.21192   0.24914   0.20358   0.22535

delta2 =

  -0.014578  -0.017138  -0.014004  -0.015502
   0.104719   0.123112   0.100600   0.111356
  -0.015896  -0.018687  -0.015270  -0.016903
  -0.100093  -0.117674  -0.096156  -0.106437
   0.045023   0.052931   0.043252   0.047876

delta2 =

  -0.017138  -0.014004  -0.015502
   0.123112   0.100600   0.111356
  -0.018687  -0.015270  -0.016903
  -0.117674  -0.096156  -0.106437
   0.052931   0.043252   0.047876

test =

   0.059842
   0.048899
   0.054128

ans =

   3   1

delta3 =

  -0.48085
   0.26066
   0.68807
   0.59487

gz =

   0.64647   0.57929   0.29530   0.59966

g =

   0.22855   0.24371   0.20810   0.24007

delta2 =

   0.028752   0.030660   0.026180   0.030201
   0.139810   0.149088   0.127302   0.146858
  -0.069437  -0.074045  -0.063224  -0.072937
  -0.119604  -0.127541  -0.108904  -0.125634
   0.104242   0.111159   0.094916   0.109496

delta2 =

   0.030660   0.026180   0.030201
   0.149088   0.127302   0.146858
  -0.074045  -0.063224  -0.072937
  -0.127541  -0.108904  -0.125634
   0.111159   0.094916   0.109496

test =

   0.113142
   0.096608
   0.111449

ans =

   3   1

delta3 =

   0.51710
  -0.73666
   0.68735
   0.59220

gz =

   0.64601   0.58855   0.28915   0.59644

g =

   0.22868   0.24216   0.20554   0.24070

delta2 =

   0.377350   0.399591   0.339171   0.397181
  -0.068734  -0.072785  -0.061779  -0.072346
  -0.357348  -0.378410  -0.321193  -0.376129
   0.172722   0.182902   0.155247   0.181799
   0.307086   0.325186   0.276016   0.323225

delta2 =

   0.399591   0.339171   0.397181
  -0.072785  -0.061779  -0.072346
  -0.378410  -0.321193  -0.376129
   0.182902   0.155247   0.181799
   0.325186   0.276016   0.323225

test =

   0.37670
   0.31974
   0.37443

ans =

   3   1

delta3 =

   0.50444
   0.24757
  -0.28752
   0.58816

gz =

   0.69427   0.54903   0.27212   0.65071

g =

   0.21226   0.24760   0.19807   0.22729

delta2 =

   0.0826363   0.0963931   0.0771123   0.0884866
  -0.2475470  -0.2887572  -0.2309991  -0.2650723
  -0.0106001  -0.0123648  -0.0098915  -0.0113506
   0.2506316   0.2923554   0.2338775   0.2683753
  -0.0623337  -0.0727107  -0.0581668  -0.0667467

delta2 =

   0.0963931   0.0771123   0.0884866
  -0.2887572  -0.2309991  -0.2650723
  -0.0123648  -0.0098915  -0.0113506
   0.2923554   0.2338775   0.2683753
  -0.0727107  -0.0581668  -0.0667467

test =

  -0.078627
  -0.062900
  -0.072178

ans =

   3   1

delta3 =

   0.49396
   0.22934
   0.73748
  -0.41282

gz =

   0.74237   0.49609   0.26013   0.70799

g =

   0.19126   0.24998   0.19246   0.20674

delta2 =

  -0.011894  -0.015547  -0.011969  -0.012857
   0.102091   0.133440   0.102734   0.110356
  -0.017814  -0.023284  -0.017926  -0.019256
  -0.096907  -0.126664  -0.097517  -0.104752
   0.046014   0.060144   0.046304   0.049739

delta2 =

  -0.015547  -0.011969  -0.012857
   0.133440   0.102734   0.110356
  -0.023284  -0.017926  -0.019256
  -0.126664  -0.097517  -0.104752
   0.060144   0.046304   0.049739

test =

   0.081597
   0.062821
   0.067481

ans =

   3   1

delta3 =

  -0.50572
   0.22449
   0.74167
   0.58950

gz =

   0.74972   0.47904   0.26360   0.71888

g =

   0.18764   0.24956   0.19412   0.20209

delta2 =

   0.029897   0.039763   0.030929   0.032199
   0.128899   0.171437   0.133350   0.138827
  -0.067406  -0.089651  -0.069734  -0.072598
  -0.109283  -0.145348  -0.113057  -0.117701
   0.099208   0.131947   0.102633   0.106849

delta2 =

   0.039763   0.030929   0.032199
   0.171437   0.133350   0.138827
  -0.089651  -0.069734  -0.072598
  -0.145348  -0.113057  -0.117701
   0.131947   0.102633   0.106849

test =

   0.18189
   0.14148
   0.14729

ans =

   3   1

delta3 =

   0.50480
  -0.76334
   0.72221
   0.59287

gz =

   0.71113   0.51368   0.27960   0.67546

g =

   0.20542   0.24981   0.20142   0.21921

delta2 =

   0.345167   0.419753   0.338447   0.368338
  -0.053069  -0.064536  -0.052036  -0.056632
  -0.329723  -0.400973  -0.323305  -0.351858
   0.149018   0.181220   0.146118   0.159022
   0.286359   0.348238   0.280785   0.305583

delta2 =

   0.419753   0.338447   0.368338
  -0.064536  -0.052036  -0.056632
  -0.400973  -0.323305  -0.351858
   0.181220   0.146118   0.159022
   0.348238   0.280785   0.305583

test =

   0.45378
   0.36588
   0.39820

ans =

   3   1

delta3 =

   0.51712
   0.25637
  -0.30623
   0.59490

gz =

   0.65701   0.56778   0.29379   0.61234

g =

   0.22535   0.24541   0.20748   0.23738

delta2 =

   0.0872615   0.0950290   0.0803420   0.0919205
  -0.2703854  -0.2944537  -0.2489448  -0.2848218
  -0.0085793  -0.0093430  -0.0078990  -0.0090374
   0.2728820   0.2971725   0.2512434   0.2874516
  -0.0708294  -0.0771342  -0.0652129  -0.0746111

delta2 =

   0.0950290   0.0803420   0.0919205
  -0.2944537  -0.2489448  -0.2848218
  -0.0093430  -0.0078990  -0.0090374
   0.2971725   0.2512434   0.2874516
  -0.0771342  -0.0652129  -0.0746111

test =

  -0.063661
  -0.053822
  -0.061579

ans =

   3   1

delta3 =

   0.51915
   0.26477
   0.68425
  -0.40670

gz =

   0.63995   0.59141   0.29257   0.59027

g =

   0.23041   0.24164   0.20697   0.24185

delta2 =

  -0.0216895  -0.0227467  -0.0194830  -0.0227662
   0.1055392   0.1106837   0.0948028   0.1107785
  -0.0090224  -0.0094622  -0.0081046  -0.0094703
  -0.1029137  -0.1079302  -0.0924443  -0.1080227
   0.0389703   0.0408699   0.0350059   0.0409049

delta2 =

  -0.0227467  -0.0194830  -0.0227662
   0.1106837   0.0948028   0.1107785
  -0.0094622  -0.0081046  -0.0094703
  -0.1079302  -0.0924443  -0.1080227
   0.0408699   0.0350059   0.0409049

test =

   0.035036
   0.030009
   0.035066

ans =

   3   1

delta3 =

  -0.49160
   0.25317
   0.70407
   0.58914

gz =

   0.67812   0.56379   0.27714   0.63213

