a2 =

   0.74945   0.48601   0.25940   0.71690
   0.74285   0.48419   0.26734   0.71143
   0.69515   0.52931   0.28455   0.65700
   0.64647   0.57929   0.29530   0.59966
   0.64601   0.58855   0.28915   0.59644
   0.69427   0.54903   0.27212   0.65071
   0.74237   0.49609   0.26013   0.70799
   0.74972   0.47904   0.26360   0.71888
   0.71113   0.51368   0.27960   0.67546
   0.65701   0.56778   0.29379   0.61234
   0.63995   0.59141   0.29257   0.59027
   0.67812   0.56379   0.27714   0.63213
   0.73179   0.50930   0.26218   0.69507
   0.75271   0.47836   0.26096   0.72173
   0.72567   0.49974   0.27450   0.69210
   0.67078   0.55360   0.29094   0.62860

Theta1 =

   0.84147   0.41212  -0.96140
   0.14112  -0.99999   0.14988
  -0.95892   0.42017   0.83666
   0.65699   0.65029  -0.84622

ans =

   0.14112  -0.95892   0.65699   0.41212  -0.99999   0.42017   0.65029  -0.96140   0.14988   0.83666  -0.84622

ans =

   0.708073   0.169842   0.924285
   0.019915   0.999980   0.022463
   0.919536   0.176540   0.699993
   0.431631   0.422874   0.716089

ans =

  2.9193e-001  8.3016e-001  7.5715e-002  9.8248e-001  1.7627e-004
  9.8009e-001  1.9587e-005  9.7754e-001  8.5345e-002  8.1666e-001
  8.0464e-002  8.2346e-001  3.0001e-001  5.5959e-001  5.8586e-001
  5.6837e-001  5.7713e-001  2.8391e-001  8.3675e-001  7.1098e-002

dt1 =

   0   0   0
   0   0   0
   0   0   0
   0   0   0

dt2 =

   0   0   0   0
   0   0   0   0
   0   0   0   0
   0   0   0   0

Theta2 =

   0.5403023  -0.9111303  -0.2751633   0.9912028  -0.0132767
  -0.9899925   0.0044257   0.9887046  -0.2921388  -0.9036922
   0.2836622   0.9074468  -0.5477293  -0.7480575   0.7654141
   0.7539023  -0.7596879  -0.5328330   0.9147424   0.2666429

delta3 =

   0.49283
  -0.77378
   0.74120
   0.58760

ans =

   1.68556
  -0.22625
  -1.61972
   0.69758
   1.41672

Theta2Temp =

  -0.9111303  -0.2751633   0.9912028  -0.0132767
   0.0044257   0.9887046  -0.2921388  -0.9036922
   0.9074468  -0.5477293  -0.7480575   0.7654141
  -0.7596879  -0.5328330   0.9147424   0.2666429

gz =

   0.74945   0.48601   0.25940   0.71690

g =

   0.18777   0.24980   0.19211   0.20295

delta2 =

  -0.042483
  -0.404613
   0.134014
   0.287530

delta3 =

   0.49644
   0.22636
  -0.26171
   0.59045

ans =

   0.415042
  -1.137367
  -0.084068
   1.161831
  -0.254025

Theta2Temp =

  -0.9111303  -0.2751633   0.9912028  -0.0132767
   0.0044257   0.9887046  -0.2921388  -0.9036922
   0.9074468  -0.5477293  -0.7480575   0.7654141
  -0.7596879  -0.5328330   0.9147424   0.2666429

gz =

   0.74285   0.48419   0.26734   0.71143

g =

   0.19103   0.24975   0.19587   0.20530

delta2 =

  -0.217266
  -0.020996
   0.227565
  -0.052151

delta3 =

   0.50865
   0.24224
   0.71393
  -0.40631

ans =

  -0.068789
   0.494147
  -0.075008
  -0.472320
   0.212453

Theta2Temp =

  -0.9111303  -0.2751633   0.9912028  -0.0132767
   0.0044257   0.9887046  -0.2921388  -0.9036922
   0.9074468  -0.5477293  -0.7480575   0.7654141
  -0.7596879  -0.5328330   0.9147424   0.2666429

gz =

   0.69515   0.52931   0.28455   0.65700

g =

   0.21192   0.24914   0.20358   0.22535

delta2 =

   0.104719
  -0.018687
  -0.096156
   0.047876

delta3 =

  -0.48085
   0.26066
   0.68807
   0.59487

ans =

   0.12580
   0.61174
  -0.30382
  -0.52333
   0.45611

Theta2Temp =

  -0.9111303  -0.2751633   0.9912028  -0.0132767
   0.0044257   0.9887046  -0.2921388  -0.9036922
   0.9074468  -0.5477293  -0.7480575   0.7654141
  -0.7596879  -0.5328330   0.9147424   0.2666429

gz =

   0.64647   0.57929   0.29530   0.59966

g =

   0.22855   0.24371   0.20810   0.24007

delta2 =

   0.139810
  -0.074045
  -0.108904
   0.109496

delta3 =

   0.51710
  -0.73666
   0.68735
   0.59220

ans =

   1.65012
  -0.30057
  -1.56266
   0.75530
   1.34286

Theta2Temp =

  -0.9111303  -0.2751633   0.9912028  -0.0132767
   0.0044257   0.9887046  -0.2921388  -0.9036922
   0.9074468  -0.5477293  -0.7480575   0.7654141
  -0.7596879  -0.5328330   0.9147424   0.2666429

gz =

   0.64601   0.58855   0.28915   0.59644

g =

   0.22868   0.24216   0.20554   0.24070

delta2 =

  -0.068734
  -0.378410
   0.155247
   0.323225

delta3 =

   0.50444
   0.24757
  -0.28752
   0.58816

ans =

   0.389316
  -1.166241
  -0.049939
   1.180774
  -0.293666

Theta2Temp =

  -0.9111303  -0.2751633   0.9912028  -0.0132767
   0.0044257   0.9887046  -0.2921388  -0.9036922
   0.9074468  -0.5477293  -0.7480575   0.7654141
  -0.7596879  -0.5328330   0.9147424   0.2666429

gz =

   0.69427   0.54903   0.27212   0.65071

g =

   0.21226   0.24760   0.19807   0.22729

delta2 =

  -0.247547
  -0.012365
   0.233877
  -0.066747

delta3 =

   0.49396
   0.22934
   0.73748
  -0.41282

ans =

  -0.062190
   0.533792
  -0.093143
  -0.506687
   0.240589

Theta2Temp =

  -0.9111303  -0.2751633   0.9912028  -0.0132767
   0.0044257   0.9887046  -0.2921388  -0.9036922
   0.9074468  -0.5477293  -0.7480575   0.7654141
  -0.7596879  -0.5328330   0.9147424   0.2666429

gz =

   0.74237   0.49609   0.26013   0.70799

g =

   0.19126   0.24998   0.19246   0.20674

delta2 =

   0.102091
  -0.023284
  -0.097517
   0.049739

delta3 =

  -0.50572
   0.22449
   0.74167
   0.58950

ans =

   0.15933
   0.68695
  -0.35923
  -0.58242
   0.52872

Theta2Temp =

  -0.9111303  -0.2751633   0.9912028  -0.0132767
   0.0044257   0.9887046  -0.2921388  -0.9036922
   0.9074468  -0.5477293  -0.7480575   0.7654141
  -0.7596879  -0.5328330   0.9147424   0.2666429

gz =

   0.74972   0.47904   0.26360   0.71888

g =

   0.18764   0.24956   0.19412   0.20209

delta2 =

   0.128899
  -0.089651
  -0.113057
   0.106849

delta3 =

   0.50480
  -0.76334
   0.72221
   0.59287

ans =

   1.68027
  -0.25834
  -1.60509
   0.72542
   1.39400

Theta2Temp =

  -0.9111303  -0.2751633   0.9912028  -0.0132767
   0.0044257   0.9887046  -0.2921388  -0.9036922
   0.9074468  -0.5477293  -0.7480575   0.7654141
  -0.7596879  -0.5328330   0.9147424   0.2666429

gz =

   0.71113   0.51368   0.27960   0.67546

g =

   0.20542   0.24981   0.20142   0.21921

delta2 =

  -0.053069
  -0.400973
   0.146118
   0.305583

delta3 =

   0.51712
   0.25637
  -0.30623
   0.59490

ans =

   0.387231
  -1.199861
  -0.038071
   1.210940
  -0.314312

Theta2Temp =

  -0.9111303  -0.2751633   0.9912028  -0.0132767
   0.0044257   0.9887046  -0.2921388  -0.9036922
   0.9074468  -0.5477293  -0.7480575   0.7654141
  -0.7596879  -0.5328330   0.9147424   0.2666429

gz =

   0.65701   0.56778   0.29379   0.61234

g =

   0.22535   0.24541   0.20748   0.23738

delta2 =

  -0.2703854
  -0.0093430
   0.2512434
  -0.0746111

delta3 =

   0.51915
   0.26477
   0.68425
  -0.40670

ans =

  -0.094133
   0.458043
  -0.039158
  -0.446648
   0.169132

Theta2Temp =

  -0.9111303  -0.2751633   0.9912028  -0.0132767
   0.0044257   0.9887046  -0.2921388  -0.9036922
   0.9074468  -0.5477293  -0.7480575   0.7654141
  -0.7596879  -0.5328330   0.9147424   0.2666429

gz =

   0.63995   0.59141   0.29257   0.59027

g =

   0.23041   0.24164   0.20697   0.24185

delta2 =

   0.1055392
  -0.0094622
  -0.0924443
   0.0409049

delta3 =

  -0.49160
   0.25317
   0.70407
   0.58914

ans =

   0.12762
   0.64037
  -0.31397
  -0.54900
   0.47373

Theta2Temp =

  -0.9111303  -0.2751633   0.9912028  -0.0132767
   0.0044257   0.9887046  -0.2921388  -0.9036922
   0.9074468  -0.5477293  -0.7480575   0.7654141
  -0.7596879  -0.5328330   0.9147424   0.2666429

gz =

   0.67812   0.56379   0.27714   0.63213

g =

   0.21827   0.24593   0.20033   0.23254

delta2 =

   0.139775
  -0.077215
  -0.109984
   0.110163

delta3 =

   0.49601
  -0.76637
   0.73197
   0.58705

ans =

   1.67691
  -0.23707
  -1.60792
   0.70498
   1.40277

Theta2Temp =

  -0.9111303  -0.2751633   0.9912028  -0.0132767
   0.0044257   0.9887046  -0.2921388  -0.9036922
   0.9074468  -0.5477293  -0.7480575   0.7654141
  -0.7596879  -0.5328330   0.9147424   0.2666429

gz =

   0.73179   0.50930   0.26218   0.69507

g =

   0.19627   0.24991   0.19344   0.21195

